4088831137267857
4039843630423176
4990584419425662
4815938598191219
4196756153126449
4302877667063471
348145349508683
346976603385976
376667269594810
342746840083534
379091226391193
345377423608161
370757325158175
370370671451200
340696633564830
370090304219093
370222418254688
379147175933144
344428361416264
344882993095906
371913880618272
377598776977868
377246355073390
377541470679737
371673107420668
343158146786829
374015587124435
375154213217708
340370935127973
343574514297498
379094226369730
341748916323860
349793660909425
342101735875398
370453356593338
378090604443338
376243901691537
370026989282634
347843216855275
370564475974017
347484277338057
377525660668964
343373936908133
374430148358325
371755822074795
370345262532543
349311271953110
372296921460410
379443291375199
370420290625344
347742187461057
379734945646492
344076590150277
379017377308967
341966876356270
373868334043451
371912216258811
345680950754666
374448924538472
375540844802738
349123741867253
340204329158189
341681562420153
349070425825968
377335534080531
343529948019868
370213454763161
346835195211521
377267113532261
378692888070057
370156062834082
370381073228922
345605381236520
374916078948283
348606369816793
348077131387929
349407608035553
373700011266966
371696168678338
374225889259405
376528716521634
346803864925656
376359968289419
377253471512954
373537444047286
376298696650254
345598081787761
347234413935013
343088417150282
370910392256253
340900199862079
348400376884717
373250913705372
372805236844025
344664502625237
342949353895407
378538458084889
341174613951434
379538323222267
373493449097381
378281890176910
370443550248334
378288760561279
372695460933218
375105559684471
379405077021206