4088831137267857
4039843630423176
4990584419425662
4815938598191219
4196756153126449
4302877667063471
348145349508683
346976603385976
376667269594810
342746840083534
379091226391193
345377423608161
370757325158175
370370671451200
340696633564830
370090304219093
370222418254688
379147175933144
344428361416264
344882993095906
371913880618272
377598776977868
377246355073390
377541470679737
371673107420668
343158146786829
374015587124435
375154213217708
340370935127973
343574514297498
379094226369730
341748916323860
349793660909425
342101735875398
370453356593338
378090604443338
376243901691537
370026989282634
347843216855275
370564475974017
347484277338057
377525660668964
343373936908133
374430148358325
371755822074795
370345262532543
349311271953110
372296921460410
379443291375199
370420290625344
347742187461057
379734945646492
344076590150277
379017377308967
341966876356270
373868334043451
371912216258811
345680950754666
374448924538472
375540844802738
349123741867253
340204329158189
341681562420153
349070425825968
377335534080531
343529948019868
370213454763161
346835195211521
377267113532261
378692888070057
370156062834082
370381073228922
345605381236520
374916078948283
348606369816793
348077131387929
349407608035553
373700011266966
371696168678338
374225889259405
376528716521634
346803864925656
376359968289419
377253471512954
373537444047286
376298696650254
345598081787761
347234413935013
343088417150282
370910392256253
340900199862079
348400376884717
373250913705372
372805236844025
344664502625237
342949353895407
378538458084889
341174613951434
379538323222267
373493449097381
378281890176910
370443550248334
378288760561279
372695460933218
375105559684471
379405077021206
3158539628375348
3337465828248404
3112804683572030
3112804683572033
5435528978467581
6706465468107999
6304362971054667
6706169762827894
6706169762827892
4844104341377697
4913405490886727
4844885754351829
4844885754351822
6371473570875275
6381475006869978
6389057917814806
347100734345549
347100734345543
6011162533805000
6011621663574413
6011824617460743
6011824617460745
6389057917814802
4539318768050385
36880982786892
36845793345501
36661154562232
36661154562234
5893329089846994
6761680165952016
6763100400984029
6763100400984022
5127043299122389
5330838017737340
5429168755154025
5429168755154023
375354034606481
379570632133224
4485521241443135
4532916206508075
4532916206508076
5590976687287124
5540641137519895
5540641137519892
30522070708059
30066552673241
30365487186802
30365487186801
6493768515804774
6495902378670091
6590771158781632
6491768868481974
6445921809973636
6490816665853134
6221269140940827
6440913094650230
6578188687822447
6494110134799664
6493500423865229
6551120187823758
6530674326210265
6229250775038709
6491737570742940
6229258726486778
6445746484065709
6496299938515091
6221264551036009
6229250554727712
6221260116114257
6011871231250364
6229253070241259
6490039741164778
6229253024227479
6592383882558498
6229258433750136
6229255345683975
6229257076517356
6011636740491027
6505568795322182
6229255492225976
6505673368781861
6221267157370979
6221260110225893
6494990508666940
6463243406664766
6221261365827664
6583180686463441
6472737000615677
6492527402265874
6474514445512738
6229257866771353
6496687304453188
6221263827882212
6480116682831383
6484366107728765
6229255615683770
6463685382671282
6476648555354255
6475287870550346
6229255706168046
6453603861180602
6466554768261463
6476171581785673
6229257066475078
6468045182134558
6440880156402828
6493143575613608
6465452125564136
6465631242745823
6588860834508883
6483040713756277
6442232043247552
6443778500253136
6229251575145702
6512231333772001
6475216811248025
6463424734700254
6447516801108542
6475601623264817
6488331885346517
6462666174137824
6229254846284458
6440022274451615
6494603475725348
6229258186788762
6477510058685370
6582100617002333
6452664765547750
6498574403045636
6229254200644263
6229251882514376
6452804437186401
6221263216757140
6478172726372045
6465148323271223
6475853222887346
6463462511014705
6470156400457428
6229258306028453
6456647122847514
6221260608758041
6557672118085067
6495022815571255
6229257880377211
6487523255802001
6445308457213632
6468568430054500
6221268428855731
6229255170457701
6551481702672173
6229253440465042
6472052584138108
6464045643523120
6473042571075602
6465721124240512
6476015424122687
6221265171465841
6464326424165327
6440708335358753
6455445653626162
6461063580262753
6229252468208425
6578117438673734
6516043075663637
6492324132861184
6483214782843833
6480250584424482
6491553783617344
6462402468603358
6484010831178505
6473864127118630
6570530211112613
6463182618548344
6221260267853075
6455333350544054
6528100251105464
6221264364016362
6450854623525732
6229256673801353
6486672640525503
6460342444117101
6474088358787306
6229258131437853
6440848112801706
6471786573151173
6497201233526376
6447721460342107
6450385128336101
6486300051588634
6229254503380623
6465436616122520
6485377674448488
6517888884286650
6456435417042151
6221264005602034
6463650158118504
6476737161771562
6544657188670043
6221266251315823
6496066068238541
6471213420875334
6460103280471725
6488746260376617
6447100136816648
6504822803637383
6453333122764685
6498778051788344
6496342561254768
6229258112156316
6446852348617807
6457072426073528
6229258250766785
6483521410884850
6454735770102670
6445318688184841
6229255414208654
6465030661145781
6533764265331383
6461004408733211
6581184104316662
6480533321255016
6221260657404000
6492083883506303
6522652103223313
6551115182272563
6229254506445654
6229254100422356
6221260873216253
6494025804578612
6456218285181255
6453471767506373
6478056667305363
6482135502608720
6221265707867056
6480731806112336
6486308211318867
6448500474251671
6451162287546385
6221262736014537
6468307520144008
6229256556680163
6221268557406124
6493654273120522
6480423123641466
6229257111614770
6511445801446721
6497174456251701
6480560086512430
6447700100187270
6221268010374620
6446835510158726
6457566284371585
6478476137842227
6474865121870448
6229257125867422
6221260160551404
6497844338014622
6486316528807787
6456251604168703
6446252632557415
6480187168861046
6476152452550248
6477400163438230
6221265487126533
6490673118037264
6485122681243443
6535425770474104
6493181130547663
6486826385235732
6229256380028738
6229250237157311
6462480111084036
6221263448461222
6492765575170840
6553776516373324
6456530252462314
6494152420540303
6485051387575263
6458175802820120
6461008414327140
6483622787638018
6538507027886706
6533327573086485
6221262872620733
6458801500642843
6221268073265475
6221261213274200
6462321341807111
6465530463244245
6482372287668310
6488627216320158
6462481802671537
6487113211778865
6490470705820800
6229255660824824
6229253358235544
6494541664460238
6221262508766686
6221267114136174
6458551342552771
6486184557148618
6452740222187511
6465316178756313
6221265452455826
6490110553010472
6493300887465800
6491645418857178
6443380436660151
6586304854647836
6440541838308300
6498276862037506
6481174600646572
6229254432437841
6548602711440072
6523251018685242
6503742065546810
6442738304150137
6455307440475826
6221265583314280
6450380605106580
6221268176653775
6445534688614120
6497683278377502
6470085281143536
6229258164457646
6485158216760840
6460260863744421
6462266001337653
6495471346888565
6497301882501223
6455878634486084
6446067552147157
6474880851136571
6481672773442315
6221268252217388
6492142010734533
6229252146305221
6444158600332602
6482376846437810
6454531886177452
6494254836581127
6460703285512678
6457464333482530
6485200117102126
6229251220024336
6453565412140007
6450333575086514
6221260512870015
6229255753877705
6474771513118836
6541171436332227
6482132406068010
6576405076572140
6485844267342733
6494038715640215
6442478206048838
6491542247532033
6486125224678354
6229253355712073
6496533311605347
6544732453780536
6443010728857617
6456071313033737
6221265883638453
6464484653737116
6511056407372110
6485125750365021
6495871824213238
6460264058506645
6488515344347732
6447866778525750
6221262531176077
6229257425505516
6229256683317507
6492842805473318
6510076222060337
6483467876736806
6476854518674058
6474756632275807
6465043837000855
6476450471331446
6450642415635755
6443108344188407
6475623402044020
6221261301376016
6455686842551023
6494853731734143
6491310865328484
6447675206021377
6447688206517625
6455738014536314
6221260837073220
6498213842442134
6229256701323156
6465860311260154
6440233216770042
6221263854817867
6574563805422581
6229250543165701
6486162758061053
6229255073430177
6517611047525347
6463145654877141
6461134851366621
6444376780506312
6462147146300444
6454287446150618
6453713178845464
6488435542244138
6229258182600532
6229254812151681
6450640855142332
6221266284862437
6496518634487762
6554347604735581
6450824843613477
6457611180028416
6229258586728533
6486288027821256
6453874114823138
6444151436316477
6229254573385437
6221264616808814
6474040143038081
6221266532177737
6453688057112634
6578740512864117
6483548810547118
6441464541357150
6484068825737827
6221262416481451
6451665807705620
6444387604205742
6588441700216750
6221265433387841
6491632842742150
6471446753064627
6229254637176053
6488401417467345
6564217112201483
6478301524350750
6553678861417237
6588884581842527
6455625420222888
6527228358573655
6541133453560635
6488767714048875
6513028613751476
6221265582646161
6478840860760817
6481887182414420
6448436317630674
6229250516031138
6465726288473320
6450178853628606
6229254038155201
6229254570422464
6481878460624236
6588770563027486
6447022140233562
6474727672310135
6229252104352355
6485035681463367
6441741054131712
6492830474573518
6453265285800007
6229258622460604
6229252438121807
6221263258655830
6467138221457535
6513605335204304
6461274342378577
6497388377753310
6467766081022781
6473836860387481
6463868621188546
6491815165543574
6490888656121565
6448720104481551
6444674808800141
6229251123645336
6463410222615203
6221263762404741
6465828828431303
6229253603731826
6488642754502141
6453328020303214
6486078802722260
6229253454570182
6229256608262531
6457124814044866
6494676383181143
6498482756062333
6229258725771352
6496155870655446
6471052881328551
6445141034113052
6461627553544288
6453117841227425
6448387004411128
6444424384704337
6485876688308208
6445620267424567
6523167150317420
6483732402758743
6468627205526041
6525786728468320
6483873220174521
6471356181821243
6491174048484386
6454273721101351
6480051821711057
6493602021505460
6457437520765040
6581130268340808
6453486135620805
6221263715760272
6460684533808524
6447410583002166
6467471385284662
6229256484836184
6456081171266451
6443660156565114
6221261134312766
6494514214458671
6229258035734140
6475854203103588
6440786020435748
6446262058601241
6491517126107081
6480621144313318
6446587275221682
6451127458400662
6480144002587121
6496271345513126
6510515645024834
6466218765216744
6461686852508360
6492601101517222
6475327383363470
6474710287417131
6466726078468661
6221268510467270
6454558204715226
6498683017678565
6470573741656262
6221262465776546
6229258385470568
6498024462833423
6468413480008744
6221260076234681
6472888613106321
6494344048552105
6454711882636665
6491872566474081
6470613366365755
6484555868082756
6468484052077623
6229254826107141
6477741822011078
6487526226603861
6467021716168314
6574344265308432
6445222144185238
6480681115360508
6471827055404811
6585826205030636
6534703157558546
6464777147568447
6560581455624260
6229256636603847
6221267308507248
6488071653146182
6464654101020626
6588644582473130
6472747577324884
6440500272665641
6482655751151007
6452657052344246
6544457036628164
6452774576085153
6577558518617755
6221263850715404
6221261425466701
6481600860144353
6456350515345531
6229255024235162
6484338114734557
6229251063450465
6460066530656454
6490740336286344
6454608841443540
6457522243711437
6477801088156601
6221268848332105
6465200085606805
6221267363638524
6448557527365858
6471108727256016
6481166482728643
6221262668383611
6494427456354740
6446628644527852
6445575571252080
6496141822176178
6467123178018878
6488722044418884
6221265202831425
6221266736033108
6446137414343367
6492281720800737
6229252742413056
6485773604601420
6455386117863340
6462478778245460
6490033082202362
6446252206223451
6453682672314667
6483005184651463
6468781318510721
6221260870440005
6473377568024142
6490101624677878
6458242772704112
6468570136631656
6221266424683461
6453727452887760
6471684525607428
6229256540205754
6221261424560603
6483027726146760
6442226077428807
6461355836022035
6471436822472638
6458383751844121
6463837303814422
6229253327516727
6487320565412740
6485468253812507
6497313124146410
6448434261125783
6221267802778410
6447584473345081
6229254865210855
6229254031013845
6466256160005460
6492401351481660
6221260236740866
6541036206041508
6496862186703162
6451008711530257
6494657025008852
6493756764080162
6452821878637270
6454332236160847
6221260535765010
6491570323430681
6506387843500213
6229257052086046
6441527875400273
6221268420066782
6447048551706036
6472635300621082
6521672683140480
6456488225071656
6495745882463507
6476584401160002
6482707355584750
6478011311364217
6471648285183250
6458056112440678
6450278602816443
6229256746163781
6444130106251248
6464084820201507
6455505627844165
6458781806861240
6486114343285374
6229253441001887
6457080641332041
6447173070660405
6229250588561111
6475280168401017
6494415312318223
6229250667328325
6458267810444405
6458301670406327
6492480870510852
6532363502578657
6494476358205443
6492300468285388
6506266524648725
6481383125510458
6447143528054758
6486107070622363
6451312003130648
6494287613755340
6494455711422168
6487245824063630
6557441754112126
6498080403833211
6496750545320648
6465563214062202
6476040868032556
6452371867585122
6464687551358070
6461230056634860
6467425372014714
6452513537200877
6448583665462067
6453408100435464
6452447722214213
6464564324546671
6483231516622085
6493180648783513
6486476376121556
6221262486046606
6487556455841205
6463278448684687
6485005568051478
6470054871477522
6453885458765834
6229256142673011
6471207072735440
6456130707451747
6448273320143324
6465658327287744
6221262073524841
6456766678227408
6493705078746547
6467007754276002
6229255814470441
6451800772815811
6229256237688106
6221264233820713
6454358188345623
6518570456316813
6221265873521701
6495620025416888
6229254441163438
6478447246034576
6441413185470167
6476342400463210
6466317535528600
6446427130060050
6484616663210032
6474460345764302
6458663584088255
6496076011531157
6474131267015821
6446536608536407
6475146353040037
6229251524346062
6498168033555765
6458467784555810
6221260137374708
6221260127106375
6442785770173275
6221263110048711
6450683735373602
6462220304005665
6447087323171830
6504463058128453
6229257651685875
6475111367020227
6442085771204660
6452158685801470
6507844500556564
6468183527623611
6451084461880408
6457660626041673
6447353217467043
6466813887021848
6221267514761365
6229251058365066
6503287417241876
6454381174075160
6498882312074336
6221262486312818
6577814167152580
6448487562043543
6229251378448287
6451425354767055
6444174452520848
6229258183210455
6451182177716104
6495617482155553
6471643635754124
6480767002424752
6498028162712886
6481741738833528
6478218106124868
6229257274353653
6490151611475356
6534107626663228
6441501142036004
6471743745366478
6475352030376584
6476403241017464
6480207531114715
6471536874514631
6221268854738633
6508331045022871
6498403228837680
6575243850715788
6454140428283222
6221268114463048
6484785357642808
6229252528203028
6560748676167680
6481120323382847
6229255243048271
6491570280883070
6452132042452277
6446154028244865
6476857703042254
6454383823146574
6221267078546533
6483827100884872
6447467831786875
6493027402501112
6484612373818040
6487484068748818
6221266567687105
6493365657402036
6487260406853704
6493001255766544
6490347838258274
6460008046432764
6488861360156627
6477760214642134
6221267451825603
6467275286532131
6476737543774136
6461201124066088
6221268528360244
6221260004385084
6455354608838478
6491082212206875
6578312032018325
6562652268353872
6518241317105163
6229253858452342
6488242383081250
6481745847370710
6460322864603061
6229250216266646
6441117653261566
6523125407578616
6221261400052047
6457444750766581
6448234624680254
6492175301235638
6487174333764217
6463055542437455
6455164816063086
6472678156576141
6462531511483085
6466573362422644
6571124374131252
6229253557314066
6461316055156664
6461226126184415
6229250431612228
6466511167528736
6221267137602483
6466608685248654
6221260103630257
6462147132612430
6472543487746716
6484882340607103
6477751586647488
6445631863413417
6463348427325683
6496141353616063
6441736783840575
6452463481473163
6465044152187863
6475823577565151
6456203744510740
6221263577867405
6472613011311368
6441651652181672
6453541221685813
6498064618412078
6487775556615546
6494235576154316
6221263866443231
6471582382425613
6457451443627864
6478040411310184
6493716654853748
6441463405680442
6496421083325866
6221263063675486
6492804757588014
6491175361534665
6221266481778303
6461007846700411
6454551083774000
6229256751355256
6497312846104350
6511325364303644
6229250788463506
6447661184557608
6477725530161754
6507440526804607
6221266068852588
6506560247310377
6470725052311511
6575730417473505
6221268618845153
6221265604230648
6471463441333140
6548388385146878
6506165248003250
6229252654346435
6229250237801835
6454368362262312
6496438888675063
6487884244130718
6446714816183136
6452715218245184
6441232370754742
6474075600862011
6495442886384232
6446855873056200
6440303474608802
6221265004362835
6456073727366356
6458056665701062
6443626562327233
6451324067774351
6447806605620473
6485736505022574
6461163803735880
6229250743283338
6493828588083738
6444601733022160
6440647660653125
6472385504014615
6229256843650573
6229254417451718
6229254518057257
6545564752844740
6450825155782370
6498264854876347
6474400027368600
6229256377581400
6487482235888400
6461120030175660
6488715588134107
6221265246521412
6221261377472376
6474685102704717
6550614066722645
6466344171501360
6446356183747638
6441564780816277
6461646705031408
6462256671380562
6493505024113671
6450053681622685
6486125582385618
6475404726543876
6472755505644562
6221265825862013
6486357464744543
6229257330466218
6490112438341486
6444463230050651
6474044266422171
6229256445176084
6221267855077363
6229255270852777
6510861108586582
6463547683453226
6491721754163750
6221267586331485
6221262467032302
6495238245363333
6440057440233174
6450866615134554
6498272472701086
6221264405858582
6458688551380724
6476426061813506
6229253602116557
6221262576256420
6481238270646087
6229253348322675
6483277836588282
6446037777334047
6497364410851403
6483168652458538
6455710482164820
6229254713025455
6460023748703677
6586835654583655
6451153076187515
6447710547458853
6477880848324758
6542452514661524
6481605501267158
6441263886767860
6465535402122857
6474740330078044
6453864724062078
6229255032610455
6488570080753536
6471774618507856
6221263343000026
6474731423622004
6221264532880731
6491852211668477
6481626342856033
6448281061005172
6229253028337670
6545377764645017
6474546576628107
6462655723585278
6466584460723601
6496605848278408
6457614274472102
6444586238753072
6470411004026123
6229251574281573
6470703342075345
6443044708883657
6523521613677483
6492602356073358
6496806213070558
6448261108102315
6221267073613288
6472260563331418
6558176464368761
6474830684635810
6229252211222483
6221267278813717
6446238602261070
6462015833614643
6472712725381251
6442837524528450
6221260858281850
6467661845086570
6480530275763011
6477246434144622
6221264826317671
6477053731500187
6221263726710555
6462051227511277
6221268621567760
6496651022044182
6452863517107828
6221268457706243
6457370636166078
6457574433244521
6476388126373373
6221265232604073
6477313505870152
6445881262377578
6466318652760828
6221260343866281
6486061206737654
6453026512077128
6457145484673502
6221265574654553
6458152506033631
6480245115237726
6466841342103547
6221262465132674
6221261744255215
6445513582834372
6483882810880124
6465755602678835
6472607432533873
6475404114230516
6497276144873455
6480080000620326
6221263255528220
6441060202287551
6229252028704863
6463516476447117
6446767360320173